1.000   15.57
1.001   15.75
1.002   15.94
1.004   16.12
1.005   16.31
1.006   16.50
1.007   16.69
1.008   16.88
1.010   17.07
1.011   17.27
1.012   17.47
1.013   17.67
1.014   17.87
1.016   18.07
1.017   18.28
1.018   18.48
1.019   18.69
1.020   18.91
1.022   19.12
1.023   19.33
1.024   19.55
1.025   19.77
1.026   19.99
1.028   20.21
1.029   20.44
1.030   20.67
1.031   20.90
1.032   21.13
1.034   21.36
1.035   21.60
1.036   21.83
1.037   22.07
1.038   22.32
1.040   22.56
1.041   22.81
1.042   23.06
1.043   23.31
1.044   23.56
1.046   23.82
1.047   24.07
1.048   24.33
1.049   24.60
1.050   24.86
1.052   25.13
1.053   25.40
1.054   25.67
1.055   25.94
1.056   26.22
1.058   26.50
1.059   26.78
1.060   27.07
1.061   27.35
1.062   27.64
1.064   27.93
1.065   28.23
1.066   28.52
1.067   28.82
1.068   29.12
1.070   29.43
1.071   29.73
1.072   30.04
1.073   30.36
1.074   30.67
1.076   30.99
1.077   31.31
1.078   31.63
1.079   31.96
1.080   32.28
1.082   32.61
1.083   32.95
1.084   33.28
1.085   33.62
1.086   33.97
1.088   34.31
1.089   34.66
1.090   35.01
1.091   35.36
1.092   35.72
1.094   36.08
1.095   36.44
1.096   36.80
1.097   37.17
1.098   37.54
1.100   37.92
1.101   38.29
1.102   38.67
1.103   39.05
1.105   39.44
1.106   39.83
1.107   40.22
1.108   40.62
1.109   41.01
1.111   41.41
1.112   41.82
1.113   42.23
1.114   42.64
1.115   43.05
1.117   43.47
1.118   43.89
1.119   44.31
1.120   44.74
1.121   45.17
1.123   45.60
1.124   46.04
1.125   46.48
1.126   46.93
1.127   47.37
1.129   47.82
1.130   48.28
1.131   48.74
1.132   49.20
1.133   49.66
1.135   50.13
1.136   50.60
1.137   51.08
1.138   51.56
1.139   52.04
1.141   52.52
1.142   53.01
1.143   53.51
1.144   54.01
1.145   54.51
1.147   55.01
1.148   55.52
1.149   56.03
1.150   56.55
1.151   57.07
1.153   57.59
1.154   58.12
1.155   58.65
1.156   59.19
1.157   59.73
1.159   60.27
1.160   60.82
1.161   61.37
1.162   61.92
1.163   62.48
1.165   63.05
1.166   63.62
1.167   64.19
1.168   64.76
1.169   65.34
1.171   65.93
1.172   66.52
1.173   67.11
1.174   67.70
1.175   68.31
1.177   68.91
1.178   69.52
1.179   70.13
1.180   70.75
1.181   71.37
1.183   72.00
1.184   72.63
1.185   73.27
1.186   73.91
1.187   74.55
1.189   75.20
1.190   75.85
1.191   76.51
1.192   77.17
1.193   77.84
1.195   78.51
1.196   79.19
1.197   79.87
1.198   80.56
1.199   81.25
1.201   81.94
1.202   82.64
1.203   83.34
1.204   84.05
1.205   84.77
1.207   85.48
1.208   86.21
1.209   86.93
1.210   87.67
1.211   88.41
1.213   89.15
1.214   89.89
1.215   90.65
1.216   91.40
1.217   92.17
1.219   92.93
1.220   93.71
1.221   94.48
1.222   95.26
1.223   96.05
1.225   96.84
1.226   97.64
1.227   98.44
1.228   99.25
1.229   100.1
1.231   100.9
1.232   101.7
1.233   102.5
1.234   103.4
1.235   104.2
1.237   105.0
1.238   105.9
1.239   106.8
1.240   107.6
1.241   108.5
1.243   109.3
1.244   110.2
1.245   111.1
1.246   112.0
1.247   112.9
1.249   113.8
1.250   114.7
1.251   115.6
1.252   116.5
1.253   117.4
1.255   118.4
1.256   119.3
1.257   120.2
1.258   121.2
1.259   122.1
1.261   123.1
1.262   124.0
1.263   125.0
1.264   126.0
1.265   126.9
1.267   127.9
1.268   128.9
1.269   129.9
1.270   130.9
1.271   131.9
1.273   132.9
1.274   134.0
1.275   135.0
1.276   136.0
1.277   137.1
1.279   138.1
1.280   139.1
1.281   140.2
1.282   141.3
1.283   142.3
1.285   143.4
1.286   144.5
1.287   145.6
1.288   146.7
1.289   147.8
1.291   148.9
1.292   150.0
1.293   151.1
1.294   152.3
1.295   153.4
1.297   154.5
1.298   155.7
1.299   156.8
1.300   158.0
1.302   159.2
1.303   160.4
1.304   161.5
1.305   162.7
1.306   163.9
1.308   165.1
1.309   166.3
1.310   167.6
1.311   168.8
1.312   170.0
1.314   171.3
1.315   172.5
1.316   173.8
1.317   175.0
1.318   176.3
1.320   177.6
1.321   178.9
1.322   180.1
1.323   181.4
1.324   182.8
1.326   184.1
1.327   185.4
1.328   186.7
1.329   188.1
1.330   189.4
1.332   190.8
1.333   192.1
1.334   193.5
1.335   194.9
1.336   196.2
1.338   197.6
1.339   199.0
1.340   200.4
1.341   201.8
1.342   203.3
1.344   204.7
1.345   206.1
1.346   207.6
1.347   209.0
1.348   210.5
1.350   212.0
1.351   213.5
1.352   214.9
1.353   216.4
1.354   217.9
1.356   219.5
1.357   221.0
1.358   222.5
1.359   224.0
1.360   225.6
1.362   227.1
1.363   228.7
1.364   230.3
1.365   231.9
1.366   233.4
1.368   235.0
1.369   236.6
1.370   238.3
1.371   239.9
1.372   241.5
1.374   243.2
1.375   244.8
1.376   246.5
1.377   248.1
1.378   249.8
1.380   251.5
1.381   253.2
1.382   254.9
1.383   256.6
1.384   258.3
1.386   260.1
1.387   261.8
1.388   263.6
1.389   265.3
1.390   267.1
1.392   268.9
1.393   270.6
1.394   272.4
1.395   274.2
1.396   276.1
1.398   277.9
1.399   279.7
1.400   281.6
1.401   283.4
1.402   285.3
1.404   287.1
1.405   289.0
1.406   290.9
1.407   292.8
1.408   294.7
1.410   296.6
1.411   298.6
1.412   300.5
1.413   302.5
1.414   304.4
1.416   306.4
1.417   308.4
1.418   310.4
1.419   312.4
1.420   314.4
1.422   316.4
1.423   318.4
1.424   320.5
1.425   322.5
1.426   324.6
1.428   326.6
1.429   328.7
1.430   330.8
1.431   332.9
1.432   335.0
1.434   337.2
1.435   339.3
1.436   341.4
1.437   343.6
1.438   345.8
1.440   347.9
1.441   350.1
1.442   352.3
1.443   354.5
1.444   356.7
1.446   359.0
1.447   361.2
1.448   363.5
1.449   365.7
1.450   368.0
1.452   370.3
1.453   372.6
1.454   374.9
1.455   377.2
1.456   379.5
1.458   381.8
1.459   384.2
1.460   386.6
1.461   388.9
1.462   391.3
1.464   393.7
1.465   396.1
1.466   398.5
1.467   400.9
1.468   403.4
1.470   405.8
1.471   408.3
1.472   410.8
1.473   413.3
1.474   415.8
1.476   418.3
1.477   420.8
1.478   423.3
1.479   425.9
1.480   428.4
1.482   431.0
1.483   433.6
1.484   436.1
1.485   438.7
1.486   441.4
1.488   444.0
1.489   446.6
1.490   449.3
1.491   451.9
1.492   454.6
1.494   457.3
1.495   460.0
1.496   462.7
1.497   465.4
1.498   468.1
1.500   470.9
1.501   473.6
1.502   476.4
1.503   479.2
1.505   482.0
1.506   484.8
1.507   487.6
1.508   490.4
1.509   493.3
1.511   496.2
1.512   499.0
1.513   501.9
1.514   504.8
1.515   507.7
1.517   510.6
1.518   513.6
1.519   516.5
1.520   519.5
1.521   522.4
1.523   525.4
1.524   528.4
1.525   531.4
1.526   534.4
1.527   537.5
1.529   540.5
1.530   543.6
1.531   546.7
1.532   549.8
1.533   552.9
1.535   556.0
1.536   559.1
1.537   562.2
1.538   565.4
1.539   568.6
1.541   571.7
1.542   574.9
1.543   578.1
1.544   581.4
1.545   584.6
1.547   587.9
1.548   591.1
1.549   594.4
1.550   597.7
1.551   601.0
1.553   604.3
1.554   607.6
1.555   611.0
1.556   614.3
1.557   617.7
1.559   621.1
1.560   624.5
1.561   627.9
1.562   631.4
1.563   634.8
1.565   638.3
1.566   641.7
1.567   645.2
1.568   648.7
1.569   652.2
1.571   655.8
1.572   659.3
1.573   662.9
1.574   666.4
1.575   670.0
1.577   673.6
1.578   677.2
1.579   680.9
1.580   684.5
1.581   688.2
1.583   691.9
1.584   695.5
1.585   699.3
1.586   703.0
1.587   706.7
1.589   710.5
1.590   714.2
1.591   718.0
1.592   721.8
1.593   725.6
1.595   729.4
1.596   733.3
1.597   737.1
1.598   741.0
1.599   744.9
1.601   748.8
1.602   752.7
1.603   756.6
1.604   760.6
1.605   764.5
1.607   768.5
1.608   772.5
1.609   776.5
1.610   780.5
1.611   784.6
1.613   788.6
1.614   792.7
1.615   796.8
1.616   800.9
1.617   805.0
1.619   809.2
1.620   813.3
1.621   817.5
1.622   821.7
1.623   825.9
1.625   830.1
1.626   834.3
1.627   838.5
1.628   842.8
1.629   847.1
1.631   851.4
1.632   855.7
1.633   860.0
1.634   864.4
1.635   868.7
1.637   873.1
1.638   877.5
1.639   881.9
1.640   886.3
1.641   890.8
1.643   895.2
1.644   899.7
1.645   904.2
1.646   908.7
1.647   913.2
1.649   917.8
1.650   922.3
1.651   926.9
1.652   931.5
1.653   936.1
1.655   940.8
1.656   945.4
1.657   950.1
1.658   954.7
1.659   959.4
1.661   964.1
1.662   968.9
1.663   973.6
1.664   978.4
1.665   983.2
1.667   988.0
1.668   992.8
1.669   997.6
1.670   1002
1.671   1007
1.673   1012
1.674   1017
1.675   1022
1.676   1027
1.677   1032
1.679   1037
1.680   1042
1.681   1047
1.682   1052
1.683   1057
1.685   1062
1.686   1067
1.687   1072
1.688   1077
1.689   1082
1.691   1088
1.692   1093
1.693   1098
1.694   1103
1.695   1108
1.697   1114
1.698   1119
1.699   1124
1.700   1130
1.702   1135
1.703   1140
1.704   1146
1.705   1151
1.706   1156
1.708   1162
1.709   1167
1.710   1173
1.711   1178
1.712   1184
1.714   1189
1.715   1195
1.716   1200
1.717   1206
1.718   1211
1.720   1217
1.721   1222
1.722   1228
1.723   1234
1.724   1239
1.726   1245
1.727   1251
1.728   1257
1.729   1262
1.730   1268
1.732   1274
1.733   1280
1.734   1286
1.735   1291
1.736   1297
1.738   1303
1.739   1309
1.740   1315
1.741   1321
1.742   1327
1.744   1333
1.745   1339
1.746   1345
1.747   1351
1.748   1357
1.750   1363
1.751   1369
1.752   1375
1.753   1381
1.754   1388
1.756   1394
1.757   1400
1.758   1406
1.759   1413
1.760   1419
1.762   1425
1.763   1431
1.764   1438
1.765   1444
1.766   1450
1.768   1457
1.769   1463
1.770   1470
1.771   1476
1.772   1483
1.774   1489
1.775   1496
1.776   1502
1.777   1509
1.778   1515
1.780   1522
1.781   1529
1.782   1535
1.783   1542
1.784   1549
1.786   1555
1.787   1562
1.788   1569
1.789   1576
1.790   1582
1.792   1589
1.793   1596
1.794   1603
1.795   1610
1.796   1617
1.798   1624
1.799   1631
1.800   1638
1.801   1645
1.802   1652
1.804   1659
1.805   1666
1.806   1673
1.807   1680
1.808   1687
1.810   1694
1.811   1701
1.812   1709
1.813   1716
1.814   1723
1.816   1730
1.817   1738
1.818   1745
1.819   1752
1.820   1760
1.822   1767
1.823   1774
1.824   1782
1.825   1789
1.826   1797
1.828   1804
1.829   1812
1.830   1819
1.831   1827
1.832   1834
1.834   1842
1.835   1850
1.836   1857
1.837   1865
1.838   1873
1.840   1880
1.841   1888
1.842   1896
1.843   1904
1.844   1911
1.846   1919
1.847   1927
1.848   1935
1.849   1943
1.850   1951
1.852   1959
1.853   1967
1.854   1975
1.855   1983
1.856   1991
1.858   1999
1.859   2007
1.860   2015
1.861   2023
1.862   2032
1.864   2040
1.865   2048
1.866   2056
1.867   2065
1.868   2073
1.870   2081
1.871   2089
1.872   2098
1.873   2106
1.874   2115
1.876   2123
1.877   2132
1.878   2140
1.879   2149
1.880   2157
1.882   2166
1.883   2174
1.884   2183
1.885   2191
1.886   2200
1.888   2209
1.889   2218
1.890   2226
1.891   2235
1.892   2244
1.894   2253
1.895   2261
1.896   2270
1.897   2279
1.898   2288
1.900   2297
1.901   2306
1.902   2315
1.903   2324
1.905   2333
1.906   2342
1.907   2351
1.908   2360
1.909   2369
1.911   2378
1.912   2388
1.913   2397
1.914   2406
1.915   2415
1.917   2425
1.918   2434
1.919   2443
1.920   2452
1.921   2462
1.923   2471
1.924   2481
1.925   2490
1.926   2500
1.927   2509
1.929   2519
1.930   2528
1.931   2538
1.932   2547
1.933   2557
1.935   2567
1.936   2576
1.937   2586
1.938   2596
1.939   2605
1.941   2615
1.942   2625
1.943   2635
1.944   2645
1.945   2654
1.947   2664
1.948   2674
1.949   2684
1.950   2694
1.951   2704
1.953   2714
1.954   2724
1.955   2734
1.956   2744
1.957   2754
1.959   2765
1.960   2775
1.961   2785
1.962   2795
1.963   2805
1.965   2816
1.966   2826
1.967   2836
1.968   2847
1.969   2857
1.971   2867
1.972   2878
1.973   2888
1.974   2899
1.975   2909
1.977   2920
1.978   2930
1.979   2941
1.980   2951
1.981   2962
1.983   2973
1.984   2983
1.985   2994
1.986   3005
1.987   3016
1.989   3026
1.990   3037
1.991   3048
1.992   3059
1.993   3070
1.995   3081
1.996   3092
1.997   3102
1.998   3113
1.999   3124
2.001   3135
2.002   3147
2.003   3158
2.004   3169
2.005   3180
2.007   3191
2.008   3202
2.009   3213
2.010   3225
2.011   3236
2.013   3247
2.014   3259
2.015   3270
2.016   3281
2.017   3293
2.019   3304
2.020   3315
2.021   3327
2.022   3338
2.023   3350
2.025   3362
2.026   3373
2.027   3385
2.028   3396
2.029   3408
2.031   3420
2.032   3431
2.033   3443
2.034   3455
2.035   3467
2.037   3478
2.038   3490
2.039   3502
2.040   3514
2.041   3526
2.043   3538
2.044   3550
2.045   3562
2.046   3574
2.047   3586
2.049   3598
2.050   3610
2.051   3622
2.052   3634
2.053   3647
2.055   3659
2.056   3671
2.057   3683
2.058   3696
2.059   3708
2.061   3720
2.062   3733
2.063   3745
2.064   3757
2.065   3770
2.067   3782
2.068   3795
2.069   3807
2.070   3820
2.071   3832
2.073   3845
2.074   3858
2.075   3870
2.076   3883
2.077   3896
2.079   3908
2.080   3921
2.081   3934
2.082   3947
2.083   3960
2.085   3972
2.086   3985
2.087   3998
2.088   4011
2.089   4024
2.091   4037
2.092   4050
2.093   4063
2.094   4076
2.095   4090
2.097   4103
2.098   4116
2.099   4129
2.100   4142
2.102   4155
2.103   4169
2.104   4182
2.105   4195
2.106   4209
2.108   4222
2.109   4236
2.110   4249
2.111   4262
2.112   4276
2.114   4289
2.115   4303
2.116   4317
2.117   4330
2.118   4344
2.120   4357
2.121   4371
2.122   4385
2.123   4399
2.124   4412
2.126   4426
2.127   4440
2.128   4454
2.129   4468
2.130   4482
2.132   4496
2.133   4510
2.134   4523
2.135   4538
2.136   4552
2.138   4566
2.139   4580
2.140   4594
2.141   4608
2.142   4622
2.144   4636
2.145   4651
2.146   4665
2.147   4679
2.148   4693
2.150   4708
2.151   4722
2.152   4737
2.153   4751
2.154   4765
2.156   4780
2.157   4794
2.158   4809
2.159   4824
2.160   4838
2.162   4853
2.163   4867
2.164   4882
2.165   4897
2.166   4912
2.168   4926
2.169   4941
2.170   4956
2.171   4971
2.172   4986
2.174   5001
2.175   5016
2.176   5030
2.177   5045
2.178   5060
2.180   5076
2.181   5091
2.182   5106
2.183   5121
2.184   5136
2.186   5151
2.187   5166
2.188   5182
2.189   5197
2.190   5212
2.192   5228
2.193   5243
2.194   5258
2.195   5274
2.196   5289
2.198   5305
2.199   5320
2.200   5336
